411,3
0,505
49,7
49,6
49,4
48,6
48,5
48,4
303,5
303,4
390,1
26,18
26,5
26,1
26,17
26,4
26,3
88,3
456,131
157,1
157,3
456,45
60,2
456,20
0,465
390,3
54,2
0,346
50,2
384,6
384,4
54,6
137,1
137,3
137,5
137,4
2,68
2,10
0,490
0,495
0,410
54,1
54,3
57,5
57,4
58,6
2,33
0,446
0,448
0,459
53,4
53,5
50,6
50,4
52,4
51,7
51,6
57,3
57,1
58,1
0,445
0,432
0,479
50,1
232,1
232,3
52,1
52,3
51,1
51,3
184,4
0,377
0,312
156,2
157,5
0,344
0,328
0,418
119,1
0,402
0,502
0,369
122,2
122,11
122,10
122,8
122,6
122,5
122,3
2,28
0,401
2,26
0,501
118,2
118,10
118,7
118,4
121,8
121,7
121,5
121,1
121,4
2,87
0,358
2,88
117,2
117,1
117,3
117,5
118,8
118,5
0,304
0,303
0,457
0,473
0,10
0,8
0,342
0,466
0,424
0,417
456,69
0,422
434,3
64,2
0,476
2,84
0,0
0,300
0,299
0,298
0,337
31,4
64,1
0,404
0,406
456,130
0,297
0,296
0,295
0,294
2,15
0,353
0,504
0,293
0,292
456,129
456,54
1,3
0,291
0,290
0,289
0,288
0,287
0,286
0,285
0,284
0,283
0,282
0,281
0,280
0,279
1,5
35,2
301,5
301,4
2,7
35,7
35,3
35,4
0,427
34,1
34,3
0,400
38,2
38,1
0,368
38,3
36,9
36,7
36,6
36,1
36,4
36,3
59,4
2,8
297,2
297,1
28,2
0,366
0,2
40,2
40,1
28,5
28,1
28,6
128,7
128,5
128,4
2,35
2,64
2,3
2,13
2,32
0,362
433,3
160,12
160,13
2,106
0,462
160,3
160,1
160,4
156,5
156,1
60,1
2,11
2,90
456,128
2,66
63,2
63,1
456,43
280,4
163,3
0,351
0,365
84,22
61,7
83,1
0,343
80,2
75,4
85,5
79,2
80,6
80,3
79,6
79,3
84,26
84,25
86,2
86,1
0,341
456,68
456,42
456,61
51,4
43,6
43,5
43,10
60,3
25,20
25,17
25,1
25,14
25,13
25,11
25,9
25,6
25,5
24,4
24,9
25,8
25,18
25,12
25,15
25,16
25,7
0,340
28,3
0,356
0,332
0,349
39,4
29,3
136,2
456,63
179,3
178,5
136,1
136,3
35,6
34,5
0,330
62,18
62,16
62,15
62,13
62,12
62,10
62,8
62,7
62,4
62,2
136,6
62,5
136,5
136,4
50,5
75,5
40,4
42,5
41,5
41,4
456,32
456,31
456,35
456,21
456,16
456,15
456,33
456,23
456,22
456,30
456,29
456,50
456,44
456,39
456,38
456,36
456,28
456,24
456,19
456,17
456,13
456,11
456,9
456,8
59,3
62,1
52,5
0,437
390,2
54,5
61,8
61,6
61,5
61,2
0,435
76,2
55,5
0,434
56,5
58,5
57,6
223,4
223,6
221,4
76,1
29,1
456,7
24,8
135,2
432,2
148,2
61,3
84,2
84,1
84,0
84,7
83,8
83,5
83,3
0,348
0,486
0,414
135,1
135,3
135,4
0,395
0,345
90,5
90,4
91,7
0,375
63,4
0,423
64,5
64,4
0,313
78,4
78,8
78,10
78,7
78,6
76,4
76,5
0,319
83,9
83,6
78,9
82,4
81,5
80,5
79,5
84,10
84,9
84,11
84,3
84,27
84,18
84,16
84,29
84,34
84,23
84,6
84,30
84,12
84,31
84,13
84,17
84,4
82,5
80,4
79,4
86,3
86,5
0,385
78,5
78,3
84,14
0,315
390,4
153,3
163,4
102,3
151,3
84,35
234,3
325,5
312,3
86,4
141,3
147,3
0,420
87,3
388,7
388,5
388,4
388,2
0,419
160,7
160,5
89,4
177,3
155,3
157,4
0,378
0,487
0,347
156,3
168,3
0,485
0,481
0,503
160,10
160,6
160,9
425,4
424,4
0,480
289,4
0,415
154,4
130,4
74,6
0,482
139,1
36,2
131,5
133,4
139,5
139,4
365,4
358,4
357,4
353,4
342,4
0,488
340,4
331,4
330,4
323,4
315,4
314,4
313,4
307,4
0,364
152,3
166,5
305,5
296,4
288,4
284,4
281,4
277,4
275,3
272,4
265,4
156,4
140,4
66,4
116,5
116,4
115,5
115,4
0,360
121,9
121,6
121,3
122,9
122,7
122,1
122,4
118,11
118,9
118,6
0,497
32,6
148,10
148,1
432,4
148,4
148,7
148,5
2,107
148,8
0,421
148,12
115,3
177,5
30,5
30,4
33,6
119,6
117,4
140,5
341,4
215,6
215,5
215,4
173,5
158,4
306,6
306,4
130,7
304,4
298,6
220,4
202,5
200,4
372,4
0,391
169,7
169,6
169,5
169,1
169,2
0,394
169,4
340,3
297,3
0,338
0,314
0,483
388,6
84,19
84,8
217,3
189,3
0,508
0,507
62,17
62,14
62,9
62,6
0,311
203,6
203,4
0,475
2,92
0,461
84,21
84,5
0,493
0,309
0,331
0,409
0,492
61,1
0,386
0,511
29,4
0,320
0,407
431,5
0,329
233,4
232,6
232,4
0,327
56,6
56,4
51,5
81,4
58,4
50,3
54,4
386,4
208,3
203,3
43,11
180,6
62,11
33,4
155,4
41,3
60,4
61,4
456,67
456,2
456,0
456,6
456,48
456,5
456,1
456,4
0,506
456,3
0,381
2,105
40,3
34,2
28,7
0,474
2,86
139,2
38,4
0,405
2,100
209,3
202,6
202,4
0,323
0,306
35,1
0,301
34,4
133,3
0,496
83,2
0,354
64,3
64,6
0,425
1,4
0,471
133,6
0,499
0,325
139,3
83,10
83,4
0,350
83,7
220,6
2,9
340,1
2,22
0,484
36,8
36,5
0,352
0,500
301,6
302,6
302,4
297,4
2,34
2,74
28,4
157,6
156,6
76,3
76,6
0,442
0,489
0,494
0,439
0,460
0,510
0,397
0,411
1,6
0,370
0,367
0,390
118,3
0,478
0,363
177,4
148,11
149,4
0,384
0,472
432,5
432,1
432,3
169,0
0,436
169,3
0,403
148,9
148,6
0,380
148,3
0,447
2,25
24,7
24,6
24,5
24,3
85,4
75,3
85,6
63,3
62,3
90,3
131,3
173,4
138,4
118,1
43,9
0,431
130,1
303,3
2,89
127,3
126,3
25,21
25,3
25,10
25,4
40,5
0,278
0,277
0,276
0,275
0,274
0,273
0,272
0,271
0,270
0,269
0,268
0,267
0,266
0,265
0,264
0,263
0,262
0,261
0,260
0,259
0,258
0,257
0,256
0,255
0,254
0,253
0,252
0,251
0,250
0,249
0,248
0,247
0,246
0,245
0,244
0,242
0,241
0,240
0,239
0,238
0,237
0,236
0,235
0,234
0,233
0,232
0,231
0,230
0,229
0,228
0,227
0,226
0,225
0,224
0,223
0,222
0,221
0,220
0,219
0,218
0,217
0,216
0,215
0,214
0,213
0,212
0,211
0,210
0,209
0,208
0,207
0,206
0,205
0,204
0,203
0,202
0,201
0,200
0,199
0,198
0,197
0,196
0,195
0,194
0,193
0,192
0,63
0,62
0,61
0,60
0,59
0,58
0,57
0,56
0,55
0,54
0,53
0,52
0,51
0,50
0,49
0,48
0,47
0,46
0,45
0,6
2,6
0,456
0,449
43,4
42,4
84,24
90,6
132,5
2,101
0,11
35,5
128,3
130,5
0,7
169,9
0,477
169,8
456,66
456,59
456,65
84,44
456,64
84,43
84,28
84,42
84,40
456,62
456,41
456,60
84,33
84,32
84,41
456,49
84,36
84,15
84,39
456,58
456,46
456,57
456,56
456,55
84,38
84,37
84,20
456,53
25,22
0,438
456,52
0,428
0,426
0,412
0,408
26,21
0,399
0,398
0,396
0,393
0,392
0,389
0,388
0,387
0,383
0,382
0,379
0,376
0,374
0,372
0,371
0,361
0,359
0,357
0,355
0,339
0,336
0,335
0,333
0,326
0,324
0,322
0,318
0,317
0,316
0,243
0,310
0,305
413,1
413,3
413,0
157,2
412,1
412,3
412,0
411,1
411,0
410,1
410,3
410,0
409,1
137,2
409,3
409,0
52,2
384,1
384,3
408,1
408,3
384,0
408,0
407,1
407,3
51,2
407,0
137,0
406,1
406,3
406,0
405,1
405,3
405,0
404,1
404,3
404,0
402,1
402,3
402,0
403,1
403,3
0,413
403,0
398,1
398,3
398,0
397,1
397,3
397,0
396,1
396,3
396,0
395,1
395,3
395,0
394,1
394,3
394,0
393,1
393,3
393,0
392,1
392,3
392,0
391,1
391,3
391,0
390,0
389,1
389,3
389,0
388,1
388,3
388,0
0,441
0,9
0,509
0,470
0,455
0,450
0,453
0,463
0,464
0,321
0,308
0,302
0,307
0,444
0,12
0,373
0,452
0,430
0,429
0,416
0,433
0,443
0,451
0,454
0,458
0,469
0,491
0,498
1,0
1,2
2,0
2,1
2,4
2,12
2,16
49,1
49,3
49,0
48,1
48,3
48,0
2,18
2,20
2,21
2,23
2,24
2,30
2,69
2,70
2,72
2,73
2,75
2,78
2,81
2,85
2,95
2,96
2,102
2,103
2,109
2,110
3,0
3,1
3,3
3,4
3,6
4,1
4,2
24,0
24,1
28,0
29,0
29,2
31,0
31,1
33,1
33,3
34,0
35,0
37,1
37,3
37,5
38,0
39,0
39,3
41,0
41,1
42,1
42,3
43,1
43,3
50,0
51,0
53,1
53,3
54,0
55,0
55,3
56,1
56,3
57,0
58,0
58,3
59,0
61,0
64,0
75,0
75,1
76,0
78,0
78,1
79,1
80,1
81,0
81,3
82,0
82,3
83,0
85,1
85,3
86,0
87,0
88,0
89,0
89,3
90,1
91,0
91,1
102,1
118,0
119,0
119,4
119,5
119,7
121,2
122,0
123,1
123,3
123,6
123,9
126,1
127,0
127,1
128,0
128,1
130,0
130,3
131,0
131,1
132,1
132,3
133,0
133,1
134,0
134,1
135,0
138,1
138,3
139,0
140,1
141,0
147,0
149,0
149,3
151,0
152,1
153,1
155,1
156,0
157,0
158,0
158,1
159,0
159,3
160,0
163,1
166,0
166,1
168,1
173,1
173,3
177,0
179,0
180,0
180,3
184,0
184,1
189,0
194,0
194,2
194,4
194,5
196,1
196,3
199,0
199,3
200,0
200,3
202,1
202,3
203,0
203,1
204,1
208,0
208,1
209,0
209,1
209,4
215,1
215,3
217,1
220,1
221,0
221,3
223,1
232,5
233,1
234,0
265,0
265,3
272,1
272,3
275,1
425,1
425,3
425,0
424,1
424,3
424,0
277,1
277,3
280,1
289,1
289,3
289,0
154,1
154,3
154,0
281,0
74,1
74,3
74,0
281,3
284,0
284,3
288,1
288,3
296,1
296,3
298,0
298,3
299,1
299,3
301,1
307,1
307,3
305,1
305,3
305,0
312,1
116,1
116,3
116,0
313,0
313,1
314,0
314,1
315,0
315,1
323,0
323,3
324,0
324,3
325,0
325,3
330,0
32,1
32,3
32,0
330,1
331,0
331,1
340,0
342,0
2,27
115,1
115,0
66,1
66,3
66,0
30,1
30,3
30,0
342,1
353,0
353,1
357,0
357,3
358,0
341,1
341,3
341,0
358,3
306,1
306,3
306,0
304,1
304,3
304,0
302,1
302,3
302,0
365,0
365,3
386,0
386,3
387,0
387,1
387,3
387,4
414,0
414,3
431,0
431,1
432,0
433,1
434,0
434,1
434,4
434,5
456,10
456,12
456,18
456,27
456,40
456,47
456,51
26,19
178,1
136,0
25,2
303,1
201,0
201,1
77,1
77,2
81,2
82,6
82,2
372,1
372,3
372,0
456,37
81,6
75,2
77,3
77,0
201,3
456,25
303,0
25,0
178,3
178,0
26,2
26,20
26,0
456,34
456,26
456,14
433,0
431,3
414,4
414,1
387,2
386,1
365,1
358,1
357,1
353,3
342,3
340,2
331,3
330,3
325,1
324,1
323,1
315,3
314,3
313,3
312,0
307,0
301,3
301,0
299,0
298,1
297,0
296,0
288,0
284,1
281,1
280,3
280,0
277,0
275,0
272,0
265,1
234,1
233,3
233,0
232,0
223,3
223,0
221,1
220,3
220,0
217,0
215,0
204,3
204,0
202,0
200,1
199,1
196,4
196,0
194,3
194,1
189,1
184,3
180,1
179,1
177,1
173,0
168,0
166,3
163,0
159,1
158,3
155,0
153,0
152,0
151,1
149,1
148,0
147,1
141,1
140,3
140,0
138,0
134,3
132,0
126,0
123,4
123,0
121,0
119,3
117,0
102,0
91,3
90,0
89,1
88,1
87,1
85,0
82,1
81,1
80,0
79,0
63,0
62,0
60,0
59,1
56,0
55,1
53,0
52,0
43,0
42,0
40,0
39,1
37,4
37,0
36,0
33,0
31,3
4,3
4,0
3,5
3,2
2,111
2,108
2,82
2,76
2,71
2,65
2,31
2,29
2,19
2,17
2,14
2,2
1,1
0,5
0,1
0,4
0,3
